B5034	B1152	B5181	A3087	A2012	A1194	D3223	D2157	D2085	C6055	C1160	C6103	M5158	M2095	M2146	K3064	K3132	K6172	J4092	J4051	J3005	O2008	O4057	O3212	E2073	E4056	E4083	F1219	F4247	F6089	G3103	G4248	G1045	L1108	L3147	L2116	I3216	I6177	I3211	N4004	N2013	N2076	H6347	H6212	H4089
OTU165	63	3	2	3	2	1	3	1	1	0	10	1	0	5	1	2	5	1	0	3	0	0	0	0	60	1	5	4	0	3	3	20	1	0	1	0	5	1	8	7	2	11	4	2	1
OTU51	146	51	146	32	87	186	69	32	162	93	39	59	143	203	36	56	148	18	72	242	71	19	31	60	48	107	288	32	51	36	44	84	62	41	24	19	104	152	190	85	69	165	146	34	64
OTU29	4631	3565	323	541	4147	261	194	130	79	125	129	101	118	218	218	77	103	85	272	246	139	43	21	45	761	267	172	210	656	170	106	498	669	37	87	30	83	17569	227	589	198	285	496	2022	650
OTU103	17	1	14	14	17	215	10	1	2	0	3	0	0	1	8	0	0	284	0	0	0	0	1	3	998	5	33	38	0	6	0	10	114	30	0	0	10	18	206	13	13	9	277	0	4
OTU244	1	0	8	0	1	0	0	2	1	1	1	3	0	0	2	0	1	0	2	0	0	0	2	0	1	0	0	4	1	0	0	2	1	0	0	0	0	0	1	0	0	0	0	6	3
OTU258	1	0	0	3	0	0	1	3	0	0	2	7	0	0	0	0	0	0	0	0	0	0	0	0	0	0	0	0	0	1	0	1	3	0	0	0	0	2	2	0	0	0	0	1	0
OTU288	0	0	0	0	0	0	0	0	0	0	0	0	0	0	0	0	0	0	0	0	0	0	0	0	0	0	0	0	0	0	0	0	0	0	0	0	0	1	0	0	0	0	0	0	0
OTU21	183	100	224	286	69	482	97	562	552	134	188	3104	539	244	1931	338	1013	368	194	231	161	510	715	334	3486	931	720	713	2666	160	263	519	389	270	1408	535	881	112	254	207	265	152	995	728	2485
OTU266	0	0	4	0	1	0	1	8	0	1	0	1	11	3	1	2	0	2	0	0	0	4	2	1	10	11	3	0	3	2	1	0	5	0	1	7	12	4	1	1	3	0	4	4	4
OTU121	306	1792	172	146	139	633	188	492	7134	72	120	538	253	143	455	22	133	222	181	153	87	348	109	76	798	375	810	193	243	106	1075	739	153	115	581	472	1144	382	284	1597	236	343	140	38	553
OTU171	6	10	0	2	11	2	0	0	1	3	22	3	9	6	1	3	1	1	0	2	0	0	0	0	5	4	2	1	1	10	4	7	2	0	0	1	0	42	1	2	6	1	7	61	69
OTU70	243	88	23	69	59	44	5	2	10	5	50	5	22	66	21	7	27	15	14	18	2	4	3	4	108	15	35	12	18	4	35	85	49	0	6	4	11	71	19	27	28	30	113	31	44
OTU218	0	0	3	5	0	23	0	0	0	0	0	0	0	0	0	0	0	0	0	0	0	0	0	0	0	45	0	0	0	1	0	0	36	0	0	0	0	0	0	0	0	0	0	167	0
OTU198	0	0	0	153	0	0	0	0	0	12	0	0	0	0	0	0	1	1	0	0	4	0	0	0	0	0	1	0	0	0	0	0	0	0	0	18	4	0	0	0	0	0	0	0	1
OTU94	36	126	7	23	3	22	4	16	0	3	17	9	19	17	54	3	3	1	28	11	3	3	3	4	26	6	26	33	10	1	4	6	11	64	53	4	12	14	81	51	22	17	360	24	16
OTU269	1	2	3	48	0	5	11	6	1	0	2	1	1	3	4	0	0	0	2	14	3	0	0	0	1	0	0	3	3	7	0	1	0	0	5	1	0	23	0	0	2	1	0	35	9
OTU286	0	0	0	1	0	0	1	0	0	0	0	0	0	0	0	0	1	2	0	0	0	0	0	0	0	0	0	0	0	0	0	0	0	0	0	0	1	9	1	0	0	0	0	0	0
OTU58	48	57	623	269	113	65	99	174	68	140	132	222	336	218	178	922	157	306	217	139	208	336	157	160	328	3153	255	148	243	813	310	1024	481	486	915	374	213	369	126	445	499	292	383	247	350
OTU77	1	1	1	30	4	1	20	3	0	2	6	4	1	5	1	0	1	1	10	7	0	0	0	0	1	13	11	0	3	17	4	3	1	1	0	0	4	5	2	1	1	1	13	47	14
OTU281	1	1	2	1	1	2	0	2	0	9	1	1	14	2	3	3	8	22	8	0	3	2	2	1	4	12	7	1	5	10	9	6	2	1	5	5	7	29	4	7	7	0	6	5	20
OTU205	208	240	3	5	14	16	3	1	40	17	97	0	10	4	4	7	1	0	8	12	6	0	0	3	4	0	0	0	4	4	0	6	5	0	1	1	4	3	0	0	0	0	24	4	4
OTU87	103	0	12	35	19	76	9	5	5	3	38	14	13	25	6	0	9	43	6	9	2	1	9	0	184	30	85	99	14	6	9	27	41	43	31	7	16	6	77	197	79	57	39	9	26
OTU168	0	0	0	0	0	0	1	0	0	0	0	0	2	1	0	0	1	8	0	0	0	2	0	0	0	0	8	0	1	0	2	1	0	0	2	0	0	3	0	0	7	5	14	4	0
OTU175	27	3	4	22	4	114	7	3	1	6	9	1	7	12	3	3	6	3	2	7	1	0	0	0	7	7	8	2	6	6	1	12	1	3	8	1	5	6	3	13	2	3	20	24	19
OTU159	4	1	8	4	1	0	4	2	67	0	7	1	0	0	0	1	150	4	0	0	0	0	0	0	59	0	0	0	0	4	0	4	0	0	0	0	8	0	51	4	0	0	0	0	0
OTU208	0	0	0	26	0	0	0	0	0	0	1	0	0	0	0	0	0	0	0	0	0	1	2	0	15	0	0	0	0	0	0	8	1	0	0	0	0	0	0	0	0	0	45	0	0
OTU119	3	0	19	0	0	0	2	7	5	10	0	4	2	10	12	13	21	24	0	0	0	0	0	0	88	4	3	0	36	203	285	133	0	11	15	1	55	14	111	66	7	84	234	36	4
OTU162	0	0	0	2	5	61	1	0	0	0	49	0	0	0	0	6	9	0	0	0	0	0	0	0	0	1	0	0	0	0	0	0	0	0	0	0	0	0	0	201	15	313	0	0	0
OTU2	663	378	3148	779	791	9659	1061	5191	1910	2601	2301	9909	7356	6220	9478	2861	2967	10089	2783	1125	1306	2565	5842	1791	3885	8120	8083	3114	7648	846	1813	8976	16540	5472	5527	9833	7795	7066	3480	3750	2741	1728	13252	3405	16135
OTU28	381	1257	399	120	414	364	186	46	271	1222	120	83	1803	570	179	126	330	960	407	306	99	313	62	202	58	244	567	211	128	905	84	363	203	389	540	354	155	166	727	1714	490	1807	682	1794	270
OTU176	1	0	0	2	0	2	2	2	6	3	2	4	1	0	1	4	9	16	9	15	0	0	0	8	84	1	1	2	20	10	2	0	12	11	6	0	14	5	5	0	2	0	240	5	69
OTU36	18	59	151	170	39	47	10	26	33	19	10	52	96	47	135	209	71	91	853	151	241	16	36	34	22	89	76	43	145	379	751	25	41	60	147	36	83	122	470	54	63	79	331	58	187
OTU140	81	9	7	18	26	38	14	16	26	2	8	30	10	14	26	5	9	30	7	12	4	14	2	6	140	29	13	23	17	1	19	63	24	60	29	6	11	4	47	98	8	23	94	33	40
OTU267	0	0	0	6	0	0	0	0	0	0	0	0	0	0	0	0	0	0	0	0	0	0	0	0	20	1	1	2	1	0	0	0	0	0	1	1	0	165	2	0	0	0	1	0	0
OTU210	0	0	0	1255	0	0	0	0	0	0	0	0	0	0	0	0	0	0	0	0	0	0	0	0	0	0	1	0	0	0	0	0	0	0	0	0	0	0	0	0	0	0	0	0	0
OTU182	7	0	0	2	0	0	0	0	16	2	0	0	0	0	0	1	48	21	0	0	7	0	0	0	0	0	0	0	0	0	0	0	1	5	0	0	19	0	9	0	0	0	71	0	0
OTU131	6	0	0	4	52	727	0	28	27	0	41	14	0	0	0	6	4	1	1	1	2	3	0	0	14	0	2	1	0	8	2	0	9	0	1	0	0	49	1	0	3	2	0	1	1
OTU23	546	402	120	248	681	898	71	186	68	85	71	165	387	164	591	25	69	148	505	147	142	137	54	139	2155	497	454	162	666	729	192	2177	1393	94	41	47	162	2241	792	727	115	199	701	1023	883
OTU238	0	0	0	5	6	2	0	0	1	0	3	0	6	1	1	4	2	3	0	0	0	0	0	1	0	2	7	0	1	0	0	11	0	0	0	0	1	0	2	1	5	0	6	43	5
OTU260	3	6	0	5	3	3	0	27	0	5	1	14	0	1	1	1	0	2	3	1	2	0	1	1	1	20	0	3	3	2	0	1	1	1	0	2	2	6	5	20	6	11	11	1	5
OTU27	3739	80	94	107	118	2204	29	540	95	6	28	34	2	2269	273	25	183	348	4	4	52	113	27	2	14	289	3702	138	19	95	66	4121	181	17	149	59	143	51	3733	322	460	993	3	326	22
OTU93	13	12	76	26	66	13	51	11	34	11	84	5	13	14	12	230	26	4	93	39	39	6	7	21	35	58	19	24	5	16	5	64	6	28	1	3	1	9	4	10	3	2	28	2	18
OTU15	892	801	1706	313	754	1587	721	277	847	1678	1048	496	504	1341	1173	1214	1060	853	1550	498	504	491	479	1726	387	1085	1863	1302	860	2057	755	651	826	820	340	376	830	823	1831	1221	960	1283	735	415	1002
OTU14	979	148	1347	226	473	1519	267	637	844	7681	1080	3468	569	848	1075	2614	2773	1409	1107	405	214	486	409	598	357	3693	1330	1020	1503	953	242	1091	1172	1482	1895	334	662	1062	5452	1150	696	802	1817	1851	1316
OTU237	4	3	8	6	3	5	3	7	1	9	9	12	25	9	14	16	8	26	22	26	11	17	16	8	7	71	13	28	9	25	8	51	24	15	11	13	12	77	7	14	17	13	11	7	25
OTU49	25	13	34	10	5	10	4	29	18	26	62	31	66	194	37	96	57	123	18	88	45	118	33	25	27	240	42	28	83	362	48	5279	138	118	264	219	24	29	26	34	102	42	132	27	70
OTU272	0	1	0	0	0	0	0	4	0	0	0	0	0	14	0	0	0	0	0	0	0	0	0	0	0	0	0	0	0	0	0	0	0	7	0	0	0	0	0	0	14	12	14	11	1
OTU207	1	0	0	0	14	0	0	1	5	0	1	0	0	3	0	9	4	1	0	0	1	29	0	1	1	1	0	0	0	0	0	4	2	0	2	0	0	1	1	1	0	0	4	9	26
OTU33	4	4	6	70	605	28	64	41	39	23	6	38	200	167	116	13	229	22	147	2048	39	102	184	87	152	42	29	87	146	35	39	217	25	72	1391	542	9	362	1169	441	75	1041	33	9	10
OTU10	779	969	429	533	1164	1994	378	381	397	643	3440	969	656	1638	1821	1776	2167	1146	1139	767	1187	422	894	1494	270	1461	2890	1440	779	2319	1111	1481	3181	1277	2610	739	570	735	891	5192	2289	4760	2097	1007	859
OTU20	284	508	255	287	420	319	434	119	161	529	2452	431	2295	918	1847	1062	779	571	685	1002	1147	190	286	899	178	653	875	461	293	1480	1870	261	326	521	1117	317	433	207	594	1165	703	987	2839	2355	371
OTU297	0	0	0	0	0	0	0	110	0	0	0	1	0	0	0	2	13	18	0	0	0	0	0	0	0	0	0	0	0	0	0	0	0	47	2	222	0	0	0	0	1	0	0	0	0
OTU219	1	11	0	0	2	1	0	3	2	0	0	9	1	0	0	1	1	0	1	2	2	0	0	0	1	0	1	1	3	1	0	13	1	1	2	1	3	0	2	2	3	1	50	1	33
OTU291	3	6	20	10	2	24	2	1	3	5	7	3	6	11	10	7	13	37	5	4	2	2	9	2	31	6	12	2	0	6	2	10	6	9	14	3	31	5	13	22	4	27	12	1	6
OTU63	7	4	0	26	1	0	0	138	1	0	1	9	1	0	0	1	2	3	0	0	0	1	0	0	6	0	1	1	0	0	0	110	36	5	0	21	0	31	1	0	0	1	75	70	113
OTU90	5	6	19	15	13	4	3	28	10	11	6	31	54	18	12	26	24	48	31	12	12	16	21	30	45	84	31	12	20	30	23	8	15	32	22	79	81	15	21	44	26	34	56	22	54
OTU226	0	0	0	4	3	0	0	0	0	0	0	0	0	0	0	0	1	8	0	0	0	2	0	0	2	0	0	7	0	0	0	4	1	0	0	2	11	0	19	0	0	0	0	1	0
OTU204	12	173	3	10	103	5	8	1	1	0	13	0	0	1	0	1	2	10	2	2	0	0	0	0	3	2	1	16	2	5	2	11	33	2	0	0	0	2	0	0	3	0	34	298	27
OTU221	0	0	0	0	0	0	0	0	0	0	0	0	0	0	0	0	0	0	0	0	0	0	0	0	0	0	0	0	0	0	0	0	0	0	0	0	225	0	1	2	0	0	0	0	0
OTU143	2	0	0	145	1	0	0	5	0	2	0	7	0	0	0	10	14	0	3	0	38	0	1	0	1	0	1	1	1	1	1	0	0	0	1	2	2	4	1	1	0	0	1	1	3
OTU56	181	2	16	73	73	68	12	4	138	7	18	8	48	960	42	14	41	48	180	100	170	14	15	48	140	9	124	2	1	21	6	73	25	69	3	0	108	11	404	66	22	96	165	20	44
OTU47	30	45	93	35	57	48	19	11	35	305	274	29	31	29	54	38	46	28	19	10	22	65	4	2	38	64	187	42	46	40	45	70	59	73	20	220	196	281	360	227	142	329	83	450	143
OTU155	17	0	0	1	232	148	0	0	12	1	0	0	0	0	0	1	1	3	0	0	0	0	0	0	3	0	0	1	0	0	1	0	0	2	0	0	1	1	0	1	1	1	15	1	123
OTU146	0	0	0	0	0	0	1	0	0	0	0	0	0	0	0	0	2	0	0	0	0	5	0	0	0	0	0	0	0	0	0	0	0	0	0	0	2	0	1	0	0	0	69	0	0
OTU212	8	0	0	2	15	457	0	0	0	0	1	0	0	1	0	0	4	0	0	0	0	0	0	1	5	0	0	1	0	0	0	1	45	1	1	0	20	9	13	0	0	0	0	0	5
OTU60	129	5	307	32	46	59	38	8	1	33	93	6	11	63	28	36	6	53	1	9	6	3	15	138	225	57	16	62	16	8	9	17	74	16	17	17	14	33	15	1	9	4	266	167	151
OTU163	18	0	8	15	6	16	8	28	2	5	16	42	1	11	1	2	0	1	2	2	4	1	2	2	1	18	4	2	4	7	1	1	4	1	6	5	3	1	3	4	3	0	39	162	3
OTU262	0	0	0	0	0	0	0	0	0	0	0	0	0	0	0	0	0	0	0	0	0	0	0	0	0	0	0	0	0	0	0	0	0	0	0	1	0	0	0	0	0	0	0	0	0
OTU95	18	10	0	11	134	5	28	1	3	0	0	1	2	0	0	0	1	157	4	25	13	175	7	18	0	1	26	7	7	2	1	52	17	1	3	6	4	2	4	292	309	19	1	3	15
OTU86	310	41	9	10	29	124	4	3	16	2	175	6	9	275	69	9	24	6	11	6	21	3	0	8	10	44	504	31	5	11	22	18	9	11	3	4	4	19	41	20	21	16	46	6	10
OTU197	0	1	0	0	84	21	0	0	2	0	0	0	0	0	0	0	0	0	4	7	0	0	0	0	15	0	0	22	1	0	2	2	1	0	0	0	0	2	0	0	1	0	15	23	0
OTU35	1717	10	1	75	4197	655	2	21	209	9	20	12	2	49	1	0	9	26	2	0	0	0	0	6	138	21	25	28	5	37	2	923	11	7	9	4	39	39	76	0	0	0	112	2496	40
OTU220	9	0	0	25	9	14	1	0	12	0	2	0	1	10	2	0	7	3	7	14	0	0	2	3	0	0	5	1	0	0	62	4	2	11	5	1	3	5	7	1	0	0	13	0	2
OTU98	8	0	20	0	0	0	194	19	1	16	6	13	1	3	4	6	1	16	29	38	2	9178	607	7	56	15	10	218	13	11	7	13	6	621	32	204	1	18	30	8	7	2	17	43	1920
OTU45	278	197	44	38	133	53	151	21	42	95	74	65	53	105	37	41	37	8	71	22	95	5	18	29	60	13	37	90	53	47	71	92	34	15	27	16	104	50	50	42	65	46	127	1002	413
OTU263	3	9	2	2	2	0	2	1	0	2	11	2	1	2	0	0	0	0	3	1	2	1	0	0	2	1	2	0	3	3	1	4	4	0	1	1	0	1	0	0	2	1	5	17	16
OTU213	37	2	4	6	4	10	1	0	2	1	1	0	3	3	2	0	9	0	1	0	2	0	1	0	40	0	2	2	0	0	0	8	1	0	2	0	4	1	2	0	0	0	41	5	13
OTU178	2	0	1	0	1	1	16	0	4	17	0	4	12	4	2	2	10	0	0	0	0	0	0	0	0	0	12	1	0	2	1	0	5	0	0	0	2	3	2	0	1	0	3	8	25
OTU4	59	70	289	529	94	58	550	349	39	278	373	294	925	399	2494	525	2656	468	209	2500	137	81	429	170	145	1238	411	283	155	433	17325	334	172	491	3487	364	13349	1208	3083	2271	447	9552	1063	9529	4719
OTU96	6	7	11	22	30	300	81	14	28	72	23	27	11	22	35	0	11	7	1	3	6	0	2	8	15	37	23	9	22	12	12	11	20	11	23	7	9	18	23	21	5	25	231	40	27
OTU117	2	0	0	12	36	52	0	0	6	2	0	0	12	3	7	0	0	5	0	0	1	1	0	0	0	1	0	1	0	0	0	0	71	8	2	0	0	49	0	2	0	0	0	1	299
OTU232	0	0	0	116	0	0	0	0	0	4	0	0	0	0	1	0	3	0	0	0	1	1	1	35	0	0	0	0	0	0	0	1	0	0	0	0	1	0	0	0	1	1	0	0	0
OTU166	0	0	0	0	0	0	2	0	0	14	9	0	0	0	0	0	0	27	0	0	2	0	0	0	1	0	0	0	0	0	0	6	1	3	89	0	0	20	1	0	0	0	0	15	0
OTU40	12	0	2	46	7	11	0	77	4	15	31	2351	0	3666	55	12	10	47	0	0	22	30	125	10	45	24	34	42	7	2	24	40	27	2	0	25	34	0	40	0	0	0	0	0	5
OTU32	11	0	12	6	7	8	27	0	409	13	54	4	470	93	80	495	62	213	91	55	7	655	63	18	4	128	25	162	184	32	60	176	137	1177	165	401	4271	0	211	36	146	50	42	379	103
OTU222	0	0	2	0	0	0	0	8	0	0	0	5	0	2	5	0	0	0	0	0	8	0	0	0	0	2	0	0	0	0	0	0	0	0	0	0	0	0	0	0	0	0	0	0	0
OTU275	18	13	3	9	4	0	1	1	2	1	3	4	1	3	4	1	2	3	0	1	0	1	1	2	6	8	2	1	4	2	3	3	4	0	0	0	5	1	1	0	2	2	20	1	6
OTU104	1	8	11	9	0	1	1	6	4	20	7	6	9	8	43	57	14	50	6	11	16	12	5	6	2	7	5	6	8	49	130	76	1	14	18	25	20	1	22	29	10	21	9	3	21
OTU91	208	8	21	48	35	389	11	6	9	11	41	3	7	31	29	8	17	11	9	8	25	1	3	1	25	23	18	13	39	13	28	53	21	71	23	14	34	19	43	55	4	15	765	871	140
OTU231	0	0	0	1	0	0	0	0	2	0	3	0	0	0	1	0	1	0	0	0	0	0	0	0	0	0	0	1	5	0	0	0	0	0	11	2	0	0	0	0	0	0	0	13	1
OTU8	438	89	315	404	680	4393	475	1249	2378	273	411	2475	243	9148	1806	288	1530	2165	285	361	257	642	1086	470	10818	1493	1845	925	17262	319	7982	4973	2345	860	1309	2475	5681	12485	2479	930	1874	607	2876	3697	6359
OTU261	0	1	0	0	0	0	1	1037	0	0	0	4	1	0	0	1	85	7	1	1	0	1	2	1	21	1	4	1	0	1	9	3	6	14	1	11	7	84	4	1	12	0	3	4	2
OTU110	58	34	12	23	22	385	2	5	8	10	29	3	1	11	4	6	17	5	7	5	1	0	4	2	392	25	90	3	5	11	10	35	15	0	42	3	9	2	9	7	2	0	74	2	57
OTU246	23	39	9	17	13	0	3	1	0	0	3	3	0	0	1	2	2	0	1	2	1	0	0	0	5	0	6	1	1	0	1	4	2	0	0	0	2	1	0	0	0	0	8	5	12
OTU173	0	0	0	5	0	0	0	1	1	0	0	0	0	0	0	0	0	1	0	0	0	0	0	0	0	0	5	0	0	0	0	0	1	0	0	0	0	0	4	0	0	0	0	0	0
OTU249	1	1	3	5	6	3	0	0	0	0	3	0	0	1	0	3	2	0	0	0	0	1	0	0	1	0	0	0	2	0	0	1	0	0	0	0	4	1	1	2	19	0	20	1	24
OTU230	0	0	0	0	6	1	4	3	0	0	0	6	0	0	0	0	0	0	0	1	0	0	0	0	0	0	1	0	0	3	0	0	0	0	0	0	0	0	0	0	0	0	0	0	1
OTU247	2	1	2	0	0	2	0	4	2	2	20	5	5	3	3	1	3	4	7	3	1	1	3	5	0	13	5	1	4	5	0	4	3	1	1	0	3	5	3	14	2	6	5	10	8
OTU284	0	0	0	0	0	0	0	35	0	0	0	0	0	0	0	0	26	29	0	0	0	0	0	0	0	0	0	0	0	0	0	0	0	35	0	288	0	0	0	0	0	0	0	0	0
OTU108	35	173	12	13	72	136	39	4	25	15	117	17	48	73	7	6	25	7	15	20	24	1	3	13	150	36	40	8	29	20	17	24	15	11	43	8	27	64	42	36	81	24	53	31	7
