B5034	B1152	B5181	A3087	A2012	A1194	D3223	D2157	D2085	C6055	C1160	C6103	M5158	M2095	M2146	K3064	K3132	K6172	J4092	J4051	J3005	O2008	O4057	O3212	E2073	E4056	E4083	F1219	F4247	F6089	G3103	G4248	G1045	L1108	L3147	L2116	I3216	I6177	I3211	N4004	N2013	N2076	H6347	H6212	H4089
Sphingobacterium	0	0	0	0	0	0	0	5.35e-05	0	0	0	0	0	0	0	0	0	0	0	0	0	0	0	0	0	0	0	0	0	0	0	0	0	0	0	0	0	1.13e-05	0	0	0	0	0	0	0
Megasphaera	0	0	0	7.83e-05	0	0	0	1.78e-05	3.03e-05	0	0.000264081	2.01e-05	0	0	0	0	0	0	0	9.89e-05	0	3.52e-05	1.95e-05	0	2.79e-05	0	0	0	0	0.000215826	0	1.41e-05	0	0	0	0	0	2.26e-05	0	1.77e-05	0	0	0	0	5.28e-05
Gardnerella	0	0	0	0	0	0	2.61e-05	0	0	0	0	0	0	0	0	1.84e-05	0	0	0	0	0	0	0	0	0.00026458	0	0	0	0	0	0	2.81e-05	1.3e-05	4.92e-05	0	0	0	0	8.18e-05	0	0	0	0	0	0
Varibaculum	0	0	0	0	0	0	0	5.35e-05	0	1.99e-05	7.55e-05	0	0	0	0	0	0	0	0	0	0.000337807	0	0	0	0	0	1.54e-05	0	0	0	0	0	0	0	0	0	0	0	0	0	3.26e-05	3.96e-05	0	0	0
Haemophilus	6.22e-05	2.1e-05	1.57e-05	0.000998375	1.64e-05	3.35e-05	0.00023519	3.57e-05	0	3.98e-05	3.77e-05	0	1.62e-05	0	0	0	0	0	0	3.3e-05	0	0	0	0	0.000125327	4.76e-05	0	2e-05	3.04e-05	0.000292907	0	1.41e-05	0	3.28e-05	0	0	0	0.000643646	3.27e-05	0	0	0	1.32e-05	1.22e-05	6.6e-05
Mogibacterium	4.15e-05	4.19e-05	0.000424829	1.96e-05	0	0.000100518	0.000391983	1.78e-05	0.000121003	0.000159058	0.000132041	0.000240741	0.000113382	1.61e-05	5.11e-05	0.00020195	0.000569074	0.000701125	9.45e-05	4.94e-05	3.07e-05	0.000105506	0.000116818	9.72e-05	8.36e-05	0.000491821	0.000123016	8.01e-05	0.000106467	0.000385404	4.93e-05	8.44e-05	0.00016882	9.84e-05	0.000245024	0.000289917	0.000557369	5.65e-05	0.00031091	0.000511979	0.000195376	0.000376439	9.24e-05	8.52e-05	0.001689992
Bacillus	0	2.1e-05	0.000204547	9.79e-05	3.29e-05	0	0	0.000463698	9.08e-05	1.99e-05	0	6.02e-05	0	1.61e-05	0	7.34e-05	0.000295919	8.15e-05	3.15e-05	0	9.21e-05	0.000105506	0.000369923	1.94e-05	1.39e-05	6.35e-05	0.000338295	6.01e-05	9.13e-05	0.001449119	1.64e-05	1.41e-05	1.3e-05	0.000229527	0.000129719	0.000425211	0.004044908	0.000429097	0.003092733	0.000300125	0.000227939	0.000257563	0	4.87e-05	0.001043042
Ruminococcus2	0.02678664	0.003959608	0.021430257	0.004698236	0.008447834	0.027692617	0.007944182	0.011592445	0.026136673	0.155022268	0.024012525	0.07003571	0.009588908	0.018643958	0.019733034	0.048321063	0.063736314	0.023186043	0.017694235	0.006854619	0.00721678	0.008598709	0.008002025	0.011778884	0.005430847	0.059335882	0.028447534	0.021098989	0.023072945	0.014922842	0.004388272	0.016055272	0.015830141	0.024493811	0.027485911	0.006610101	0.01063779	0.012330902	0.089918345	0.020743958	0.01177141	0.016206685	0.024984484	0.023495611	0.017692105
Faecalitalea	0	0	1.57e-05	0	0	0	0.000104529	0	0	0	0	0	0	0	0	0	0	8.15e-05	0	0	0	0	0	0	0	0	0	0	3.04e-05	0	0	2.81e-05	3.9e-05	0.000344291	0.00027385	0	0	0	1.64e-05	0	0	0	0	0	0
Acinetobacter	4.15e-05	4.19e-05	0	0.032926805	1.64e-05	1.68e-05	0	0.000178345	0	7.95e-05	0	0.000140433	0	0	0	0.000183591	0.000500785	0.000440241	4.73e-05	0	0.001197678	0	1.95e-05	0	1.39e-05	1.59e-05	3.08e-05	2e-05	0.000623593	3.08e-05	1.64e-05	8.44e-05	6.49e-05	1.64e-05	8.65e-05	0.000115967	3.18e-05	0.000158088	1.64e-05	1.77e-05	1.63e-05	1.98e-05	0.000158464	0.000231304	0.00034328
Sutterella	2.07e-05	0	0	9.79e-05	3.29e-05	0	2.61e-05	0	0	0	0	0	0	3.23e-05	0	0	0	0	0	0	0	0	0	0	0	1.59e-05	0	0	1.52e-05	0	0	0	0	1.64e-05	5.77e-05	0	1.59e-05	1.13e-05	0	0	0	1.98e-05	0	4.87e-05	0
Arcobacter	0	0	0	0	0	0	0	0	0	0	0	2.01e-05	0	0	0	0	0	0	0	0	0	0	0	0	0	0	0	0	0	0	0	0	0	0	0	0	0	0	0	0	0	0	0	0	0
Akkermansia	8.29e-05	0	0.000204547	0.000117456	0.002120176	0.000100518	0	0.000267518	9.08e-05	5.96e-05	0.010563247	4.01e-05	0.000599307	0.000258048	0.00037457	0.000312104	0.000455259	3.26e-05	0.000945373	0.009458057	0.010717686	1.76e-05	0.000389393	0.000174934	0.000167103	1.59e-05	0	0.000260234	0.000106467	1.54e-05	4.93e-05	0	0.000246737	0.000213132	0.000288263	1.93e-05	0.000191098	6.78e-05	4.91e-05	0	0.00035819	0.000356626	0.00081873	3.65e-05	0.000858199
Lactococcus	0.000165862	0.000188553	0.001274487	0.000626431	0.000394451	0.000234541	0	0.001498101	0.000605016	0.000596469	0.000471574	0.002367291	0.000113382	0.000145152	0.015459529	0.00137693	0.001616171	6.52e-05	0.000472687	0.000494324	0.000214968	8.79e-05	0.002647872	0.001632717	2.79e-05	0.000126922	0.000215279	0.00030027	0.001231977	0.000169578	4.93e-05	0.000323638	0.000986949	0.005147963	0.002176388	0.000483194	0.000191098	4.52e-05	4.91e-05	0.033825892	0.004591338	0.006320211	0.006497022	0.004577383	0.000541326
Faecalicoccus	0	0	0	0	0	0	0	0	0	0	0	0.000240741	0	0	0	0	0	0	0	0	0	5.28e-05	0	0	2.79e-05	1.59e-05	0	0	0	0	0	0	0.000545419	0	1.44e-05	1.93e-05	0	0	1.64e-05	0	0	0	0	1.22e-05	1.32e-05
Propionibacterium	0	2.1e-05	1.57e-05	1.96e-05	0	0	0	0.000124842	0	0	0	0	0	0	0	0	2.28e-05	4.89e-05	1.58e-05	0	0	0	1.95e-05	0	0	3.17e-05	1.54e-05	2e-05	1.52e-05	1.54e-05	0	0	1.3e-05	6.56e-05	1.44e-05	0	1.59e-05	0	0	1.77e-05	0	0	1.32e-05	0	0
Bradyrhizobium	0	4.19e-05	0	0	0	0	0	0.000160511	0	3.98e-05	0	0	0	0	0	0	0	3.26e-05	0	0	0	0	1.95e-05	0	0	0	1.54e-05	0	0	0	9.86e-05	0.000647277	1.3e-05	1.64e-05	1.44e-05	0.000309244	0	1.13e-05	0	0	0	0	1.32e-05	0	7.92e-05
Ruminococcus	0.022059586	0.028513366	0.084320667	0.023941429	0.024160147	0.016702685	0.081584655	0.001943964	0.006292162	0.012863846	0.053778247	0.004574088	0.016764391	0.022917876	0.03020397	0.022563293	0.028795156	0.006228599	0.007988403	0.060917135	0.022325953	0.001863933	0.012343756	0.027348002	0.024494513	0.01096286	0.025925698	0.013111801	0.020350429	0.008401807	0.003977385	0.019235369	0.039542887	0.004738093	0.009700062	0.002493284	0.009172705	0.007147858	0.02294186	0.016965909	0.014474113	0.01416599	0.007857171	0.010530416	0.005149195
Enteractinococcus	0	0	0	3.92e-05	0	0	0	0	0	0	0	0	0	0	0	0	0	0	0	0	6.14e-05	0	0	0	1.39e-05	0	0	0	0.000106467	0	0	0	0	0	0	0	0	0	0	0	0	0	0	0	0
Prevotella	0.036261481	0.000858963	1.57e-05	0.00209463	0.07034383	0.017305791	0.000182925	0.00058854	0.006352664	0.000178941	0.000396122	0.000621915	3.24e-05	0.000854784	1.7e-05	0	0.000956045	0.000423936	3.15e-05	1.65e-05	0	1.76e-05	0	0.00013606	0.002214115	0.000349035	0.000384426	0.001761585	0.00038024	0.00060123	3.29e-05	0.01363502	0.000259723	0.000163948	0.000129719	7.73e-05	0.000668843	0.001603469	0.001407275	0	8.14e-05	7.93e-05	0.002522218	0.030568642	0.000726168
Segetibacter	0	0	0	0	0	0	0	0.000927396	0	0	0	0	0	0	0	0	0.000113815	9.78e-05	0	0	0	0	0	0	0	0	0	0	0	0	0	0	0	0.000278711	0	0.002454628	0	0	0	0	0	0	0	0	0
Solobacterium	0.000186594	6.29e-05	1.57e-05	3.92e-05	3.29e-05	3.35e-05	5.23e-05	7.13e-05	3.03e-05	3.98e-05	7.55e-05	0.00022068	6.48e-05	1.61e-05	3.41e-05	5.51e-05	0.000136578	0.000228273	0.000110294	4.94e-05	6.14e-05	3.52e-05	7.79e-05	1.94e-05	0.000278505	0.000158652	0.000123016	8.01e-05	4.56e-05	6.17e-05	1.64e-05	1.41e-05	0.000155834	1.64e-05	4.32e-05	0.000135294	0.000207023	7.9e-05	8.18e-05	0.000123581	0.000162813	0.000237751	0.000211285	4.87e-05	0.000250858
Gemmiger	0.011796903	0.008631526	0.001935332	0.005402972	0.011389784	0.015848285	0.001881517	0.003335057	0.002178056	0.001849054	0.001376995	0.003310195	0.006317017	0.002677247	0.010147444	0.000458977	0.001570645	0.003228436	0.007988403	0.002438663	0.004360778	0.002409045	0.001051361	0.002701757	0.030607698	0.007996065	0.007104195	0.003523171	0.010205634	0.011284629	0.003188482	0.030745634	0.018154665	0.00154111	0.00059094	0.000908406	0.002786846	0.02614106	0.012992751	0.013028971	0.002132856	0.004180453	0.009322963	0.012806934	0.01301822
Phascolarctobacterium	2.07e-05	2.1e-05	1.57e-05	0.000998375	1.64e-05	3.35e-05	5.23e-05	1.78e-05	0	1.99e-05	7.55e-05	0	3.24e-05	3.23e-05	0	0	6.83e-05	1.63e-05	3.15e-05	0	0	0	0	0	1.39e-05	3.17e-05	3.08e-05	2e-05	1.52e-05	3.08e-05	3.29e-05	0.000140712	0	0	4.32e-05	7.73e-05	0	4.52e-05	4.91e-05	0	8.14e-05	7.93e-05	0.000158464	0.000377391	0.000250858
Gp3	0	0	0	0	0	0	0	0.001087906	0	0	0	0	0	0	0	0	0.000182104	0.000179358	0	0	0	0	0	0	0	0	0	0	0	0	8.22e-05	0	0	0.00040987	1.44e-05	0.001352945	0	0	0	0	0	0	0	0	0
Barnesiella	6.22e-05	0.000481857	0	0.000411096	0.004618368	5.03e-05	0	1.78e-05	0	0	3.77e-05	4.01e-05	1.62e-05	1.61e-05	0.000136207	0	6.83e-05	4.89e-05	3.15e-05	1.65e-05	0	0	0	0	1.39e-05	3.17e-05	9.23e-05	4e-05	4.56e-05	0	0	2.81e-05	0	1.64e-05	4.32e-05	0	1.59e-05	6.78e-05	0	0	0	1.98e-05	0.000105643	0.000170434	0.000132031
Methanobrevibacter	0	0	4.72e-05	5.87e-05	0	0	0	0	0.000635266	0	0	0	0	0	0	0	4.55e-05	0	0	0	0	0	0	0	4.18e-05	0	0	0	0	0	0	0	0	0	0	0	3.18e-05	0	0	0	0	0	0.000105643	0	1.32e-05
Halomonas	0	0	3.15e-05	3.92e-05	0	0	0	0.00039236	0.000181505	0.000178941	0	0.000180556	0	1.61e-05	0	3.67e-05	0.000159341	1.63e-05	0	3.3e-05	3.07e-05	5.28e-05	0	0	0	0	0	0	0.000121677	1.54e-05	0	0	0	1.64e-05	0	3.87e-05	9.55e-05	0	0	0	0	0	0	0	2.64e-05
Cetobacterium	0	0	6.29e-05	0	0	0	2.61e-05	0	0	0	0	0	6.48e-05	0	0	0	0	0	0	0	0	0	0	0	0	0	3.08e-05	0	0	0	0	0	0	0	0	0	0	0	0	0	0	0	0	0	0
Dietzia	0	0	0	0.00019576	0	0	0	0.000107007	0	0	0	2.01e-05	0	0	0	0	0	0	0	0	0.000337807	0	0	0	0	0	0	0	0	0	0	0	0	3.28e-05	0	0	0	0	0	0	0	0	0	0	3.96e-05
Pseudoxanthomonas	0	0	0	0	0.000197226	1.68e-05	0	5.35e-05	0	0	0	0	0	0	0	0	2.28e-05	1.63e-05	0	0	0	0	0	0	0	0	0	0	0	0	1.64e-05	0	0	1.64e-05	0	3.87e-05	1.59e-05	1.13e-05	0	0	0	0	0	0	0
Clostridium_IV	0.002031804	0.000335205	0.000346157	0.00199675	0.006837157	0.000971671	0.000653304	0.000142676	0.00039326	0.000278352	0.001810842	0.000140433	0.000356345	0.000306432	0.000408622	0.000110154	0.000455259	9.78e-05	0.000898105	0.000181252	0.000245678	5.28e-05	0	1.94e-05	0.000738038	7.93e-05	0.000169147	0.000280252	0.000517126	0.000169578	0.001002564	0.002420251	0.000467502	1.64e-05	0.000187371	5.8e-05	0.000111474	0.00072269	0.000196364	0	8.14e-05	5.94e-05	0.002469397	0.001485215	0.004119356
Clostridium_XlVa	0.003939212	0.003037794	0.001667847	0.003993501	0.006902899	0.01320132	0.001254344	0.00039236	0.002994827	0.007117862	0.014222658	0.000842595	0.004146555	0.002854655	0.002315524	0.008188144	0.002617741	0.00140225	0.000772055	0.00090626	0.001289807	0.001230899	0.000233636	0.000330431	0.002033086	0.001792769	0.003921147	0.001701531	0.001292815	0.001187044	0.000936822	0.0029831	0.001805078	0.001655873	0.003257376	0.004889928	0.00437933	0.003421486	0.00705274	0.004431262	0.003337675	0.0067759	0.00398801	0.008253899	0.007829416
Skermanella	0	0	0	0	0	0	0	0.000695547	0	0	0	2.01e-05	0	0	0	1.84e-05	0.00022763	0.000114137	0	0	0	1.76e-05	0	0	0	0	0	2e-05	0	0	0	0	0	0.000360685	0	0.00156555	0	0	0	0	0	0	0	0	0
Garicola	0	0	0	0	0	0	0	0	0	0	0	0	0	0	0	0	0	0	0	0	3.07e-05	0	0	0	0	0	0	0	6.08e-05	0	0	0	0	0	0	0	0	0	0	0	0	0	0	0	0
Allisonella	2.07e-05	0	0	0	0	0	2.61e-05	0	0	0	0	2.01e-05	0	0	0	0	0	0	0	0	0	0	0	0	0	0	0	0	0	0	0	0	0	1.64e-05	0	0	0	1.13e-05	0	0	0	0	0	0	0
Succinivibrio	0	0	0	0	0	0	0	1.78e-05	0	0	0	0	0	0	0	0	2.28e-05	0	0	0	0	0	0	0	0	0	0	0	0	0	0	7.04e-05	3.9e-05	0	1.44e-05	0	0	0	0	0	0	0	0	0	0
Shewanella	0	0	0	0	0	0	0	1.78e-05	3.03e-05	3.98e-05	0	0	0	0	0	0	9.11e-05	0	0	0	0	0	0	0	0	0	0	0	0	0	0	1.41e-05	0	3.28e-05	0	3.87e-05	1.59e-05	0	0	0	0	0	0	1.22e-05	0
Mitsuokella	0	0	0	3.92e-05	3.29e-05	0.000452329	2.61e-05	0.000303187	0	0	0	0.000260803	0	0	0	0	0	0	0	0	0	0	0	0	1.39e-05	0	1.54e-05	0	0	1.54e-05	0	0	0	0	1.44e-05	0	0	0	1.64e-05	0	0	0	0	1.22e-05	0
Flavonifractor	0.000124396	0.000209503	0	7.83e-05	0.00018079	3.35e-05	0	0.000107007	3.03e-05	5.96e-05	0.000414985	8.02e-05	0.000145777	9.68e-05	1.7e-05	5.51e-05	6.83e-05	1.63e-05	0	3.3e-05	0	0	0	0	6.96e-05	6.35e-05	3.08e-05	2e-05	1.52e-05	0.00020041	6.57e-05	9.85e-05	2.6e-05	0	0	1.93e-05	0	0.000485557	4.91e-05	3.53e-05	9.77e-05	1.98e-05	0.000237696	0.000742607	0.000911011
Butyrivibrio	8.29e-05	0	3.15e-05	0.00019576	0.000262968	0.009800472	0	0	6.05e-05	0	0.000188629	0	0	0	0	0	0	0	0	0	0	0	0	0	0	0	0	0	0	0	0	2.81e-05	0	0	0	0	0	0	0	1.77e-05	0	1.98e-05	0.000237696	1.22e-05	0
Chryseobacterium	0	0	0	0	6.57e-05	0	0	3.57e-05	0	0	0	0	0	0	0	0	2.28e-05	0	0	0	0	0	0	0	0	0	0	0	0	0	0	0	0	0	0	0	0	0	0	0	0	0	0	0	0
Microbacterium	0	0	0	0	0	1.68e-05	0	0	0	0	0	0	0	0	0	0	0	0	1.58e-05	1.65e-05	0	0	0	1.94e-05	1.39e-05	0	0	2e-05	0	0	0	0	0	1.64e-05	0	0	0	0	0	0	0	0	0	1.22e-05	2.64e-05
Jeotgalicoccus	0	0	0	0.10592565	0	0	2.61e-05	5.35e-05	0	0	0	2.01e-05	0	0	0	0	0	0	1.58e-05	0	0.000122839	0	1.95e-05	5.83e-05	0	0	0	0	0.000197725	0	0	0	0	0	0	3.87e-05	4.78e-05	0	1.64e-05	0	0	0	0	2.43e-05	0
Rubrobacter	0	0	0	0	0	0	0	0.005172014	0	0	0	4.01e-05	0	0	0	7.34e-05	0.001434067	0.000994619	0	0	0	0	0	0	1.39e-05	0	0	0	0	0	0	1.41e-05	0	0.002278875	0.000345916	0.011384062	0	0	0	1.77e-05	1.63e-05	3.96e-05	1.32e-05	0	1.32e-05
Eggerthella	0.000207327	0.000272354	0.000582173	0.00058728	0.000624548	0.000234541	0.000783965	0.000124842	0.000181505	0.00121282	0.002225827	0.000421298	0.004438109	0.000822528	0.001191814	0.002772219	0.003277868	0.000521767	0.003529393	0.001153422	0.004514326	0.001969439	0.000603559	0.000758047	0.000194953	0.000460091	0.002567967	0.000840757	0.001338444	0.005688563	0.000854645	0.000393994	0.001636257	0.002508402	0.001758406	0.000753783	0.000334422	0.000474265	0.000867274	0.00171248	0.009752524	0.00215957	0.001571434	0.004248688	0.00146554
Rothia	4.15e-05	2.1e-05	0.000330422	0.000743887	0.000279403	5.03e-05	0	0.000214014	0.000242006	0.000119294	9.43e-05	0.000140433	0.000226765	4.84e-05	0.000102155	0.000403899	0.000409733	0.000146747	0.000425418	0.000247162	9.21e-05	0.000211011	0.000292045	0.000174934	0.000640561	0.006615792	0.00067659	0.000140126	0.000349821	0.002204511	9.86e-05	0.000154784	0.000571391	0.000344291	0.00031709	0.000154622	6.37e-05	0.000643646	3.27e-05	0.00015889	0.000293064	0.000158501	0.000145259	0.000170434	0.000277264
Anaerostipes	0.006116145	0.081035783	0.00632523	0.017931602	0.012901847	0.00557873	0.012308255	0.005921064	0.013643101	0.007117862	0.062021353	0.013180596	0.025721598	0.010354171	0.020345967	0.022563293	0.006305342	0.011087559	0.009768856	0.005486991	0.008353039	0.002725562	0.020014797	0.017746074	0.0013786	0.007885009	0.010210358	0.016895206	0.007498327	0.003422387	0.002991256	0.015196927	0.005103565	0.005016805	0.019962238	0.012389107	0.004395254	0.002958513	0.005040009	0.020726303	0.013871703	0.016444436	0.011501842	0.016130407	0.03094798
Paracoccus	2.07e-05	0	0	0.000215336	8.22e-05	0	0	0.000160511	0	1.99e-05	5.66e-05	0	1.62e-05	0	0	1.84e-05	2.28e-05	1.63e-05	1.58e-05	0	0	1.76e-05	1.95e-05	0	0	0	1.54e-05	0.002362126	1.52e-05	0	0	0	0	3.28e-05	0	3.87e-05	1.59e-05	4.52e-05	0	0	0	0	0	2.43e-05	2.64e-05
Streptophyta	0	2.1e-05	0	0	0	0	2.61e-05	0.018494409	0	0	0	8.02e-05	1.62e-05	0	0	1.84e-05	0.001934852	0.000114137	1.58e-05	1.65e-05	0	1.76e-05	3.89e-05	1.94e-05	0.00029243	1.59e-05	6.15e-05	2e-05	0	1.54e-05	0.000147919	4.22e-05	7.79e-05	0.000229527	1.44e-05	0.000212606	0.000111474	0.000948531	8.18e-05	1.77e-05	0.000195376	0	3.96e-05	4.87e-05	2.64e-05
Actinobacillus	0	0	0	0	0	0	0	0	0	0	0	0	0	0	0	0	0	0	0	0	0	0	0	0	0	0	0	0	0	0	0	0	0	0	0	0	0	0	0	0	0	0	0	0	0
Desulfovibrio	0	0	0	0.000117456	1.64e-05	0	2.61e-05	1.78e-05	0	0	3.77e-05	0	0	1.61e-05	0	0	2.28e-05	0	0	0	0	0	0	0	1.39e-05	0	0	0	0	3.08e-05	0	0	0	0	1.44e-05	1.93e-05	0	0	1.64e-05	0	0	0	0	0.000146087	6.6e-05
Uruburuella	0	0	0	0	0	0	0	1.78e-05	0	0	0	4.01e-05	0	0	0	0	0	0	0	0	0	0	0	0	0	0	0	0	0	0	0	1.41e-05	0	0	0	0	0	2.26e-05	0	0.000600251	0	0.00069344	0	0	0
Lachnoanaerobaculum	0	0	0	0	0	0	0	0	0	0	0	0	1.62e-05	0	0	0	0	0	0	0	0	0	0	0	0	0	0	0	0	0	0	0	0	0	0	0	0	0.000169381	0	0	0	0	0	0	1.32e-05
Tahibacter	0	0	0	0	0.001824338	5.03e-05	0	0	0	0	0	0	0	0	0	0	0	0	0	0	0	0	0	0	0	0	0	0	0	0	1.64e-05	0	0	0	0	0	0	0	0	0	0	0	0	0	0
Microvirga	0	0	0	0	0	0	0	0.002389827	0	0	0	0	0	0	0	1.84e-05	0.000637363	0.000440241	1.58e-05	0	0	0	0	0	0	0	0	0	0	0	0	0	0	0.001213214	0.000115305	0.005817662	0	0	0	0	0	0	0	0	0
Leucobacter	0	0	0	0.00199675	0	0	0	0	0	0	0	0	0	0	0	0	0	0	0	0	0	0	0	0	0	1.59e-05	0	0	0	1.54e-05	0	0	0	0	0	0	0	0	0	0	0	0	0	0	0
Sporobacter	0.00031099	0.000104752	6.29e-05	0.000117456	4.93e-05	0.000117271	0	3.57e-05	0	0	0.000207492	2.01e-05	0	4.84e-05	5.11e-05	1.84e-05	4.55e-05	0.000179358	0.000110294	8.24e-05	3.07e-05	1.76e-05	0	3.89e-05	0.000375982	3.17e-05	3.08e-05	4e-05	7.6e-05	1.54e-05	1.64e-05	9.85e-05	0	1.64e-05	8.65e-05	5.8e-05	3.18e-05	4.52e-05	0	0.000211853	1.63e-05	0.000178313	9.24e-05	6.09e-05	3.96e-05
Parasutterella	4.15e-05	2.1e-05	0.000204547	0.000215336	0.000164355	1.68e-05	0.00083623	5.35e-05	3.03e-05	0	5.66e-05	6.02e-05	0	0	0	0	0.000113815	0	3.15e-05	9.89e-05	0	0	0	0	0	0.000587013	0	0.00020018	1.52e-05	0	0	0	0	0	2.88e-05	3.87e-05	0	1.13e-05	0	0	1.63e-05	1.98e-05	3.96e-05	0	0.000224452
Stenotrophomonas	0	0	1.57e-05	0	1.64e-05	0	0	0.000766885	3.03e-05	5.96e-05	1.89e-05	0.000421298	1.62e-05	0	0	1.84e-05	6.83e-05	0	1.58e-05	0	0	0	0	0	0	0	7.69e-05	2e-05	1.52e-05	0	0	4.22e-05	3.9e-05	4.92e-05	0	1.93e-05	1.59e-05	1.13e-05	1.64e-05	0	0	1.98e-05	7.92e-05	1.22e-05	7.92e-05
Dialister	0.000165862	4.19e-05	1.57e-05	0.000371944	0.000887516	0.012212896	0.000313586	0.000766885	0.000877273	0.000198823	0.000811107	0.000461421	0	0	3.41e-05	0.00020195	0.000341445	3.26e-05	0.000614493	1.65e-05	0.000122839	5.28e-05	0	1.94e-05	0.000334206	0	3.08e-05	0.000800721	4.56e-05	0.000292907	6.57e-05	5.63e-05	0.000116876	4.92e-05	2.88e-05	0	0.000254797	0.000813026	0.00031091	0	8.14e-05	3.96e-05	0	1.22e-05	1.32e-05
Salinicoccus	0	0	0	0.013448701	0	0	0	5.35e-05	0	0	0	0	0	0	0	0	0	0	0	0	0	0	0	0	0	1.59e-05	0	0	7.6e-05	0	0	0	0	0	0	0	0	0	0	0	0	0	0	0	0
Clostridium_III	0	0	0	0	0	0	0	0	0	0	0	0	0	0	3.41e-05	0	0	1.63e-05	0	0	0	0	0	0	0	0	3.08e-05	0	0	0	0	0	0	0	0	0	0	0	0	0	0	0	0	0	0
Tetragenococcus	0	0	0	0	0	0	0	0	0	0	0	0	0	0	0	0	2.28e-05	0	0	0	0	0.068033551	0	0	0	0	0	0	0	0	1.64e-05	0	0	0	0	0	1.59e-05	0	3.27e-05	0	0	1.98e-05	0	0	0
Ezakiella	0	0	4.72e-05	1.96e-05	0	0	0	0	0	0	0	0	0	0	0	0	0	0	0	0	0	0	0	0	0	0	0	2e-05	0	0	0	0	1.3e-05	0	0	0	0	0	0	0	0	0	0	1.22e-05	1.32e-05
Clostridium_XlVb	0.00031099	0.000481857	0.001195815	0.000528552	0.00119979	0.000268047	0.001358873	0.000517201	0.001119279	0.000218705	0.001622213	0.000381174	0.00025916	0.00024192	0.000204311	0.004240944	0.000637363	8.15e-05	0.001481085	0.000675575	0.001289807	0.000105506	0.000136288	0.000408179	0.000501309	0.000951913	0.000322918	0.00050045	0.000121677	0.000277491	8.22e-05	0.001083485	0.000129862	0.000491844	5.77e-05	9.66e-05	0.000127399	0.000101628	0.000130909	0.000229508	9.77e-05	5.94e-05	0.001056426	0.000815651	0.000712965
Olsenella	4.15e-05	2.1e-05	3.15e-05	0.000137032	0.001594241	5.03e-05	0	8.92e-05	3.03e-05	0.000238588	1.89e-05	4.01e-05	0.00025916	3.23e-05	5.11e-05	0.000165232	0.000273156	0.000358715	0.00012605	4.94e-05	0.001474066	5.28e-05	7.79e-05	1.94e-05	0.000334206	0.000618743	0.000184525	6.01e-05	0.003209223	0.000277491	0.000378016	9.85e-05	7.79e-05	3.28e-05	0.000129719	0.000115967	0.000143324	0.002190655	0.000114546	0.000123581	0.000130251	0	0.000158464	6.09e-05	0.000316874
Abiotrophia	0	0	6.29e-05	0	1.64e-05	0	2.61e-05	0.000142676	0	1.99e-05	0	2.01e-05	0.000178172	4.84e-05	1.7e-05	3.67e-05	0	3.26e-05	0	0	0	7.03e-05	3.89e-05	1.94e-05	0.000139252	0.000174517	4.61e-05	0	4.56e-05	3.08e-05	1.64e-05	0	6.49e-05	0	1.44e-05	0.000135294	0.000191098	4.52e-05	1.64e-05	1.77e-05	4.88e-05	0	5.28e-05	4.87e-05	5.28e-05
Odoribacter	0.001492754	0.000230453	0	0.000137032	0.000262968	0	0	1.78e-05	3.03e-05	1.99e-05	1.89e-05	2.01e-05	0	1.61e-05	0	0	6.83e-05	0	0	0	0	0	0	0	0	0	1.54e-05	0	0	0	0	0	2.6e-05	0	5.77e-05	0	1.59e-05	2.26e-05	0	1.77e-05	0	0	0	1.22e-05	3.96e-05
Anaerotruncus	0	0	1.57e-05	0	0	0	0	0	0	0	5.66e-05	0	0	3.23e-05	0	0	2.28e-05	1.63e-05	1.58e-05	0	0	0	0	0	0	0	0	0	0	0	0	0	2.6e-05	0	0	0	0	0	0	0	0	0	0	0	1.32e-05
Psychrobacter	0	0	0	0.218330952	0	0	0	7.13e-05	0.000514263	0	0	2.01e-05	0	0	0	0.00020195	0.000204867	0.001597913	0	0	6.14e-05	1.76e-05	0.000214166	0.004917587	2.79e-05	4.76e-05	0	4e-05	0.000212934	0.000709143	0	0	0	3.28e-05	0.002277281	0.011847929	1.59e-05	4.52e-05	0	0	0	0	0	0	1.32e-05
Holdemanella	0.087450501	0.001780776	0.002202816	0.004365444	0.002794031	0.04893535	0.002560953	0.01161028	0.107874278	0.000616351	0.000716792	0.002086426	0.000502122	0.03911038	0.006316614	0.000844517	0.005508639	0.008870047	0.000441174	0.000593188	0.001596904	0.003217922	0.000992952	0.000719173	0.001281123	0.005425902	0.058140608	0.005524972	0.000517126	0.002435753	0.008069818	0.059718294	0.003532238	0.001475531	0.002219628	0.003208411	0.006369934	0.005476637	0.062329204	0.007591406	0.007798763	0.020070137	0.00062065	0.005466077	0.01693953
Geodermatophilus	0	0	0	0	0	0	0	0.000998734	0	0	0	0	0	0	0	0	0.00022763	0.000163052	0	0	0	0	0	0	0	0	0	0	0	0	0	0	0	0.000344291	4.32e-05	0.001063028	0	0	0	0	0	0	0	0	0
Geobacillus	0	0	0	0	0	0	0	1.78e-05	0	0	0	0	0	0	0	0	0	0	0	0	9.21e-05	0	0	0	0	0	0	0	0	0	1.64e-05	0	0	0	0	0	0	0	1.64e-05	0	0	0	0	0	2.64e-05
Alistipes	0.002342794	0.000984664	0.000204547	0.001135407	0.003467885	0.000100518	0.000209057	3.57e-05	9.08e-05	3.98e-05	0.000188629	0.000140433	1.62e-05	1.61e-05	3.41e-05	3.67e-05	0.000182104	1.63e-05	7.88e-05	6.59e-05	3.07e-05	0	0	0	0.000167103	7.93e-05	0.000184525	4e-05	3.04e-05	3.08e-05	6.57e-05	0.000211068	0.000376599	1.64e-05	1.44e-05	3.87e-05	9.55e-05	0.000191965	0	1.77e-05	0	1.98e-05	0.000567829	0.00049913	0.001557961
Aeromonas	0	0	0	1.96e-05	0.000312274	3.35e-05	0	0	3.03e-05	0	0	0	0	0	0	0	9.11e-05	0	0	0	0	0	0	0	0	0	0	0	0	0	1.64e-05	0	0	1.64e-05	0	0	1.59e-05	0	0	1.77e-05	0	0	0	0	0
Neisseria	0	0	0	0	0	0	0	0	0	0	0	2.01e-05	0	0	0	0	0	0	0	0	0	1.76e-05	0	0	0	0	0	0	3.04e-05	0	0	0	0	1.64e-05	0	0	0	0.001456672	0	0	0	0	1.32e-05	0	0.000250858
Scardovia	0	0	0	0	0	0	2.61e-05	0	0	0	0	0	4.86e-05	0	1.7e-05	0	0	0	0	1.65e-05	0	0	0	0	5.57e-05	1.59e-05	1.54e-05	0	0	1.54e-05	0	0	0	0	1.44e-05	0	0	0	0	1.77e-05	1.63e-05	1.98e-05	0	0	0.000132031
Faecalibacterium	0.097816847	0.076531467	0.005097947	0.010649335	0.068634541	0.004406024	0.005095774	0.002371993	0.002480564	0.002525052	0.002471045	0.002046303	0.001943698	0.003564286	0.003847856	0.001432007	0.002344586	0.001434861	0.004427498	0.004086408	0.004299358	0.000756124	0.000428332	0.000971855	0.010945246	0.004394663	0.002690983	0.004383946	0.010129586	0.002713244	0.001775031	0.007584392	0.008856568	0.000623002	0.001282772	0.000579833	0.001321761	0.198570428	0.003861825	0.010610314	0.003256268	0.005745646	0.006602665	0.024713	0.008661209
Flavobacterium	0	0	0	0	0	0	0	0	0	0	0	0	0	0	0	0	0	0	0	0	0	0	0	0	0	0	0	0	0	0	0	0	0	0	0	0	0	0	0	0	0	0	0	0	0
Actinoplanes	0	0	0	0	0	0	0	0.000321022	0	0	0	0	0	0	0	0	0	0.000130442	0	0	0	0	0	0	0	0	0	0	0	0	0	0	0	0.000229527	2.88e-05	0.000425211	0	0	0	0	0	0	0	0	0
Clostridium_XI	0.000559783	0	1.57e-05	0.00019576	0.000328709	0.001390494	2.61e-05	5.35e-05	0.000211755	0.008111977	9.43e-05	4.01e-05	3.24e-05	3.23e-05	0	7.34e-05	0.000204867	0.000407631	0.000661761	0.000642621	6.14e-05	0.00012309	0	0	0.00114187	0.004727832	0.005243572	4e-05	0.00038024	0.000308323	4.93e-05	1.41e-05	6.49e-05	0.000442659	0.000216198	0.001352945	0.002038379	0.000824319	8.18e-05	0.000229508	0.000195376	0.000317001	0.000462187	0.000852172	0.004026934
Enterococcus	0.00053905	0.000775161	0.003508772	0.044672396	0.000312274	0.001005177	0.00120208	0.000659878	0.000907523	0.001550819	0.004659147	0.000682101	0.007126891	0.049706471	0.001702591	0.003892122	0.011813981	0.009554867	0.0065861	0.072747944	0.013819366	0.0461763	0.173766598	0.008941067	0.000111402	0.003823515	0.001291672	0.022440196	0.000988623	0.000292907	0.000640983	0.00068949	0.00088306	0.007607181	0.030411784	0.006822706	0.022294769	0.001004991	0.004270917	0.00390163	0.008824487	0.0033087	0.01821015	0.000316521	0.002957486
Alloprevotella	0	0	0	0	0	0	0	0	0	0	0	0	0	0	0	0	4.55e-05	0	0	0	0	0	0	0	0	1.59e-05	0	0	1.52e-05	0	0	1.41e-05	0	0	2.88e-05	0	0	2.26e-05	0	0	0	0	0	1.22e-05	0
Romboutsia	0.013766508	0.007919216	0.049579105	0.015249692	0.013016896	0.161866948	0.027778504	0.092703893	0.058747013	0.051733736	0.043479081	0.198972836	0.11934303	0.100332237	0.161456737	0.054306119	0.069882315	0.164748084	0.043896828	0.018635997	0.040168289	0.045279502	0.113839025	0.034850723	0.054141369	0.129015881	0.124507935	0.062396157	0.116916104	0.013042071	0.029797515	0.126472202	0.214869164	0.089777851	0.079733645	0.192118131	0.12480293	0.080083109	0.057191013	0.066274738	0.044676001	0.034236126	0.175089466	0.041488623	0.213519937
Mobiluncus	2.07e-05	0	0	0	0	0	0	0	0	0	0	0	0	0	0	0	0	1.63e-05	0	1.65e-05	0	0	0	0	0	0	0	0	0	0	0	0	0	0	0	0	0	0	0	0	0	0	0	0	1.32e-05
Coprococcus	0.037505442	0.005593732	0.016914484	0.004991876	0.00414174	0.012547955	0.008414561	0.002247151	0.009952506	0.018152537	0.007130192	0.00359106	0.003012731	0.007999484	0.003728675	0.002698783	0.011199381	0.002543617	0.003324562	0.006755755	0.007830974	0.001723259	0.00221954	0.006958482	0.008132346	0.005854262	0.011486653	0.003423081	0.00371114	0.00332989	0.003204917	0.008062814	0.001545354	0.002508402	0.001383664	0.001604206	0.005446293	0.002597168	0.008640016	0.004201755	0.002881797	0.005151269	0.006549844	0.001801736	0.004990758
Brevibacterium	0	0	0	0	0	0	0	0	0	1.99e-05	0	0	0	0	0	0	0	0	0	0	0	0	0	0	0	0	0	0	0	0	0	0	0	0	0	0	1.59e-05	0	0	0	0	0	0	0	5.28e-05
Parvimonas	0	0	4.72e-05	1.96e-05	3.29e-05	1.68e-05	0	5.35e-05	3.03e-05	3.98e-05	0.000754518	0.000140433	9.72e-05	3.23e-05	1.7e-05	1.84e-05	6.83e-05	1.63e-05	1.58e-05	1.65e-05	6.14e-05	0	3.89e-05	3.89e-05	1.39e-05	0.000142787	7.69e-05	0.000140126	1.52e-05	3.08e-05	1.64e-05	2.81e-05	0	8.2e-05	1.44e-05	7.73e-05	1.59e-05	7.9e-05	6.55e-05	3.53e-05	3.26e-05	7.93e-05	1.32e-05	0.000584347	0.000105625
Fusicatenibacter	0.009226049	0.031299757	0.040217135	0.006244739	0.031441062	0.017590592	0.035095513	0.016140251	0.022385576	0.028292508	0.048232542	0.018336476	0.013735463	0.025966067	0.015868151	0.021682058	0.080171178	0.002396869	0.013345518	0.011781377	0.052544299	0.002321124	0.007865737	0.032732079	0.006015708	0.01099459	0.041271989	0.062075868	0.02143031	0.03849415	0.005505884	0.004587221	0.011635608	0.007492417	0.003300615	0.005817662	0.004331555	0.070292915	0.006578194	0.00840351	0.008922175	0.004675767	0.017946043	0.004126949	0.001901241
Alloscardovia	0	0	0	0	1.64e-05	0	0	0	0	0	1.89e-05	0	0	0	0	0	0	0	4.73e-05	1.65e-05	9.21e-05	0	0	0	0	1.59e-05	0	0	0	0	0	0	0	0	0	0	0	0	0	1.77e-05	0	3.96e-05	0	0	0
Slackia	6.22e-05	0	4.72e-05	0.001115831	0.000164355	5.03e-05	2.61e-05	0.000303187	0	3.98e-05	0.000113178	0.000140433	3.24e-05	0.004628734	0.000306466	5.51e-05	4.55e-05	0.00037502	0.000204831	0.000197729	0.007339619	1.76e-05	0.000136288	3.89e-05	0.000375982	0.000920182	0.000169147	0	9.13e-05	7.71e-05	9.86e-05	0.000182926	2.6e-05	9.84e-05	1.44e-05	1.93e-05	0.000207023	0.000395221	0.00031091	0.000123581	0.000341908	0	0.000739498	0.000231304	0.000105625
Pediococcus	2.07e-05	8.38e-05	0	0	0	0	2.61e-05	1.78e-05	0.000211755	0	0	4.01e-05	1.62e-05	0	0	0	0	0	0	0	3.07e-05	0.001547416	0.004205444	0.004645467	0	0.000317304	0.000138393	2e-05	1.52e-05	1.54e-05	0	2.81e-05	0	0.000541028	0	3.87e-05	6.37e-05	0.003263398	0.000163637	0.00342496	0.005682188	0.005706021	0	1.22e-05	0.000356483
Anaerofustis	2.07e-05	4.19e-05	0	0	0	1.68e-05	0	0	0	5.96e-05	0	2.01e-05	1.62e-05	1.61e-05	3.41e-05	0	0.000136578	3.26e-05	4.73e-05	3.3e-05	0	3.52e-05	1.95e-05	0	0	0	0	4e-05	0	0	1.64e-05	0	0	0	0	1.93e-05	0	0	1.64e-05	0	0.000113969	0	0	1.22e-05	0
Brevibacillus	0	0	0	0	0	0	0	0	0	0	0	0	0	0	0	0	0	0	0	0	0	0	0.000175227	0	0	0	0	0	0	0	0	0	0	0	0	0	0	0	1.64e-05	0	0.000162813	0.000158501	0	0	0
Atopobium	0	2.1e-05	4.72e-05	0	1.64e-05	3.35e-05	5.23e-05	0.00019618	0	1.99e-05	3.77e-05	8.02e-05	6.48e-05	1.61e-05	0	3.67e-05	0.000113815	1.63e-05	3.15e-05	6.59e-05	0	0	3.89e-05	7.77e-05	0.000139252	9.52e-05	6.15e-05	6.01e-05	1.52e-05	0	4.93e-05	5.63e-05	3.9e-05	1.64e-05	4.32e-05	0.000115967	6.37e-05	0.000101628	8.18e-05	7.06e-05	6.51e-05	3.96e-05	3.96e-05	7.3e-05	0
Geobacter	0	0	0	0	0	0	2.61e-05	0.000570705	0	0	0	0.00034105	0	0	0	0	0	0	0	0	0	0	1.95e-05	0	0	0	0	0	1.52e-05	0	0	0	0	0	1.44e-05	0	0	1.13e-05	0	0	0	0	0	0	0
Burkholderia	0	0	0	1.96e-05	0	0	0	3.57e-05	0	1.99e-05	0	4.01e-05	0	0	0	0	0.000159341	1.63e-05	1.58e-05	0	0	0	0	0	0	0	0	0	0	0	0.000295839	0	0	1.64e-05	0	0.000115967	0	0	0	0	0	0	0	0	0
Vibrio	0	0	0	0	0	0	0	3.57e-05	0	0	0	0	0	0	1.7e-05	0	0	3.26e-05	0	0	0	0	0	0	0	0	0	0	0	0	0	0	0	8.2e-05	1.44e-05	0.000231933	0	1.13e-05	0	0	0	0	0	0	0
Veillonella	2.07e-05	4.19e-05	6.29e-05	0.000959223	0	0.000100518	0.000287454	0.000107007	3.03e-05	0	3.77e-05	2.01e-05	1.62e-05	4.84e-05	6.81e-05	0	0	0	3.15e-05	0.000230684	9.21e-05	0	0	0	1.39e-05	0	0	6.01e-05	4.56e-05	0.000107913	0	1.41e-05	0	0	7.21e-05	1.93e-05	0	0.000259717	0	0	3.26e-05	1.98e-05	0	0.000426086	0.000118828
